0.730997 -2.56154 0.0813997
-2.4617 0.524682 0.427502
2.99651 -2.76834 0.0531113
-2.223 -2.99922 0.04007
1.45283 -2.17742 0.456627
-0.239033 0.268895 0.15602
1.23242 2.32423 0.352315
2.45487 -1.74701 0.0163965
-1.03085 0.306185 0.45987
1.18737 0.037171 0.0771675
-0.619015 2.04417 0.0566655
-3.03843 -2.09488 0.00711125
0.938158 -2.63127 0.0581468
2.86462 -1.59501 0.12978
1.41643 -2.82771 0.188541
1.14977 0.852439 0.0264178
-1.22151 -0.0823422 0.166564
1.58865 -1.66493 0.42359
1.02332 -2.14055 0.322012
0.177337 -0.270958 0.155069
-1.37426 -2.45491 0.336759
0.782817 0.916539 0.461606
-2.19747 -0.843873 0.511548
-1.45588 -0.742128 0.404849
1.89863 1.82652 0.292978
1.45344 0.078367 0.146699
-1.74519 -0.159818 0.255836
0.328627 2.56176 0.382039
-1.66076 0.958881 0.290286
-2.56895 -2.35977 0.0771849
-1.44502 -2.12322 0.473825
-2.41264 -1.80485 0.0232952
-3.04448 -0.151661 0.0790296
-3.07456 0.647423 0.244988
0.81029 -1.5641 0.424134
-2.55188 2.39326 0.0807451
0.627489 -3.02368 0.1591
-2.40013 -2.89559 0.0272764
-2.23054 -2.69142 0.132228
-0.87335 1.32406 0.554011
-0.381302 0.135145 0.196431
-2.69131 -2.94177 0.0516869
1.07833 -1.51738 0.580982
2.17574 1.34125 0.178815
-2.57908 -1.16224 0.341855
-1.50282 -1.12948 0.0470201
1.93121 1.18294 0.209409
1.31531 1.81824 0.549291
-2.90545 -0.0643641 0.0412508
1.68573 0.0767569 0.130144
1.7338 0.220808 0.343322
1.4688 -2.05202 0.490883
0.594165 0.83697 0.447853
1.52835 1.89414 0.496414
0.0592393 -0.40977 0.152609
0.276675 2.06173 0.448055
2.38577 -1.90564 0.072172
0.658708 -0.838925 0.452978
0.299652 1.88445 0.40953
2.00471 -1.61761 0.119542
-2.77025 0.668088 0.363818
-1.25775 -0.693486 0.319468
0.513978 -3.03383 0.206992
0.658297 -2.11057 0.0327362
0.608079 0.750779 0.414195
1.92495 0.794262 0.528149
1.3908 2.72759 0.223573
-1.10273 -1.54873 0.580463
1.27514 -2.66878 0.216842
-2.81211 -3.01231 0.0906177
0.944007 1.70366 0.474477
1.83748 2.52457 0.292142
1.39611 -1.87728 0.531689
0.95681 -1.16958 0.53662
2.27004 -0.656913 0.520899
1.4334 1.23471 0.23372
0.19784 -2.45787 0.46515
-2.84393 1.60443 0.127413
2.26834 3.01713 0.0230403
0.799015 1.65996 0.362364
0.728294 -0.402358 0.220755
-1.96837 1.86269 0.264521
-2.8941 1.87776 0.041305
1.51451 2.7872 0.216467
1.97231 2.67579 0.210596
-1.86957 0.00201683 0.00313758
-1.19415 -2.26087 0.365332
0.646142 -3.11185 0.140502
-0.416627 0.278802 0.0465489
-0.928229 1.46901 0.549512
0.792378 -0.598685 0.0409368
-3.01492 -3.04374 0.120705
-2.11431 1.23641 0.242263
0.181039 2.73288 0.40623
1.29508 2.85747 0.151332
1.46928 0.87602 0.253336
1.93068 0.348028 0.450473
-1.37075 0.584603 0.502382
0.0922535 -0.472595 0.133366
-1.60359 1.04578 0.144902
1.21481 -0.723906 0.239066
-0.0597181 1.5032 0.547575
-2.82278 0.433322 0.269711
-0.863561 0.555887 0.124812
-1.90284 1.12556 0.251482
2.04453 -0.227148 0.300758
-3.08935 1.15961 0.215194
2.85118 -0.594508 0.317635
0.627578 -0.127475 0.256183
-1.33072 2.45098 0.327923
-2.60985 0.801253 0.430846
-0.596732 0.761784 0.422368
-0.00336808 2.95797 0.354571
-1.5865 -0.254528 0.407458
-1.77905 0.453293 0.551703
-2.60901 -2.05259 0.0404377
1.82721 0.634594 0.577164
1.51763 2.01743 0.48924
2.82435 2.59231 0.000428237
1.29132 1.09657 0.213371
-2.45491 -0.853586 0.468609
2.1215 -0.22789 0.287861
-0.411207 1.27618 0.00649048
0.515674 0.835296 0.403681
2.71621 0.909735 0.387454
1.50433 -3.11977 0.0954877
1.49199 1.61909 0.464459
1.64104 1.36643 0.182942
-2.20262 -2.15145 0.205327
1.70079 -1.64947 0.342786
1.15157 1.98611 0.470665
-0.398032 -1.68766 0.23244
-1.01685 -2.31922 0.232349
1.35822 -0.644032 0.446845
3.131 1.83187 0.0398654
-2.62852 1.96514 0.0155653
-0.103255 -2.36185 0.515113
-0.114318 -0.610409 0.17785
0.213199 -2.84533 0.364644
-1.48973 0.655171 0.502147
-3.00864 1.53773 0.13213
-0.472603 -1.27658 0.107291
-1.3862 2.39418 0.365589
1.38478 0.342396 0.511759
0.807811 -0.188108 0.345953
0.897903 -0.664835 0.0214794
-3.13526 2.17911 0.000570631
1.77565 -1.71898 0.326372
0.443699 0.104761 0.203541
-2.93605 1.75301 0.0744529
2.31827 -2.41089 0.156293
-1.42512 -2.99158 0.130484
-0.986647 2.44911 0.154941
-1.31309 1.82115 0.549061
2.06014 -1.6405 0.101053
0.131596 -0.919712 0.315459
-1.84515 -2.59411 0.267664
-1.89588 0.956176 0.408211
3.1394 1.79904 0.0451233
2.01137 -2.61002 0.220452
0.289267 -0.356294 0.215494
-0.574073 -2.73366 0.210311
0.499124 -0.89991 0.368418
1.99475 2.90304 0.126917
-2.86726 -0.947122 0.3316
3.12954 -0.0451946 0.0208652
2.49102 -1.60673 0.0964384
-1.47124 1.28905 0.254968
2.55532 0.744607 0.447854
0.633021 2.44154 0.146363
0.26436 2.18263 0.458184
2.70983 0.262708 0.201948
-1.72358 2.47277 0.332149
-0.845646 -0.762009 0.241705
1.28782 -1.92656 0.526497
-1.19568 -2.27758 0.358249
-3.13949 1.47967 0.120805
3.07952 -0.189179 0.0925929
-1.64566 -1.63273 0.371844
0.479683 2.60943 0.280011
-2.04182 -1.99934 0.26104
2.95631 1.58027 0.126303
-1.18709 1.44493 0.556203
0.0113625 0.317423 0.154316
-2.84544 -0.203462 0.136931
2.27046 1.21415 0.302723
-1.08511 -2.8183 0.0874313
-0.995334 0.984613 0.372707
2.07313 2.31718 0.259822
-1.96448 -3.04442 0.0825105
-1.86765 -2.16617 0.356144
1.16569 -1.36142 0.535728
-0.527295 1.75988 0.0669132
-2.00771 -1.34914 0.094031
1.0167 -2.42107 0.187768
0.347456 -3.02364 0.271283
-0.560902 2.96004 0.198149
-1.61928 0.839453 0.396686
1.64224 -1.72095 0.411753
-2.00027 2.48172 0.258061
-2.51589 -0.976578 0.4247
-0.980714 0.0528905 0.115558
2.82418 -2.84739 0.0505064
2.0308 -0.850365 0.509234
-1.23967 -1.19349 0.368707
3.12275 -2.12491 0.00339656
1.11469 -0.0115538 0.0246136
1.30163 2.98651 0.110771
0.247407 -2.19225 0.469732
2.57395 -0.073722 0.0681543
0.347808 -1.1216 0.0330642
-2.54822 -0.557465 0.412458
-2.21557 -0.613848 0.5271
2.17177 3.00009 0.052316
0.342708 -0.67602 0.246617
-0.666803 1.61155 0.220898
-2.16825 -0.14011 0.177468
1.76548 -3.03882 0.114606
2.34846 -2.02024 0.120411
-1.05968 -2.38599 0.232045
1.01715 0.0914569 0.193724
-2.06185 -2.14886 0.269516
0.561564 -1.38207 0.195575
2.36505 0.416827 0.398106
-3.04038 0.306149 0.15295
-1.56601 2.70632 0.25225
-0.655713 -0.483452 0.0131027
-0.0161359 -0.412156 0.198029
2.31287 -1.39732 0.18151
1.08061 1.76171 0.528497
0.38441 2.70974 0.327708
-2.88425 1.27529 0.244142
2.86954 3.00181 0.0955505
-1.18345 0.358405 0.504834
-1.90806 1.24776 0.132279
1.75384 1.68253 0.323553
-2.70722 -0.505034 0.33846
0.205723 -2.64916 0.420772
-1.22893 -2.67537 0.197744
-2.13888 1.82908 0.156127
1.42085 2.77985 0.208036
-1.01562 0.84165 0.164701
2.4238 1.96361 0.0762273
2.97572 -1.47538 0.157775
1.6662 2.96191 0.150522
2.89953 3.10675 0.127126
0.983915 0.336528 0.451414
-0.628676 2.75381 0.174104
1.3133 -1.84979 0.544509
2.47013 2.27321 0.107699
2.89898 -1.16213 0.275567
-2.39219 -0.796314 0.491452
-0.163894 -2.55138 0.457977
0.284833 -2.32959 0.4358
-1.66461 1.79527 0.421426
0.652336 2.07087 0.0251696
1.28096 2.20645 0.422021
2.18825 2.60542 0.167317
2.23786 1.11152 0.369273
2.20086 -2.31884 0.208227
3.04966 0.544776 0.233288
-1.03779 0.168138 0.328316
0.278942 0.64229 0.151323
2.07595 0.888877 0.492102
1.1416 1.43391 0.567786
0.750011 -2.50108 0.0532438
-2.44247 0.799687 0.478977
0.607079 -0.907195 0.459749
0.607841 2.95333 0.175913
-2.42127 2.24728 0.123639
2.85725 -0.667116 0.331092
-2.48786 2.23605 0.10025
-2.722 -2.80419 0.0230442
1.9914 -0.27038 0.359877
-1.79941 -1.81584 0.348952
0.263356 0.973899 0.109714
-0.923057 -0.645612 0.0429504
2.36565 0.167383 0.181988
0.213474 -1.14553 0.295885
-0.645786 -0.643731 0.287696
0.901923 1.16785 0.548464
0.175335 -0.173666 0.0844939
-2.45115 -1.16679 0.347795
-1.63648 -2.38251 0.375505
-1.16403 -1.60848 0.577593
2.56722 1.82883 0.0130866
-0.888928 -2.89973 0.0272458
-0.991511 -2.32965 0.208804
0.98635 -0.830186 0.181409
-0.734143 1.91677 0.146188
1.68776 -0.42992 0.54972
-0.70609 -1.56385 0.302319
-2.94286 2.69947 0.0342811
0.133943 0.856153 0.281124
-2.2748 -3.03685 0.0150718
1.32025 -1.01581 0.0788459
-0.140843 -0.4607 0.0204065
0.40044 -1.28937 0.0346738
-2.14606 -0.702699 0.547014
-2.25149 -2.08366 0.174871
-1.30448 1.3976 0.475039
-1.79558 1.94365 0.380955
1.46549 1.10245 0.0483391
-2.07466 1.59351 0.0619634
-2.75888 1.94756 0.0128529
0.800209 -1.9309 0.218331
1.56893 0.0463727 0.0834198
1.89505 0.86389 0.480585
-0.570419 -2.66706 0.214192
1.81332 -3.07666 0.0954088
-3.023 -0.495014 0.22857
2.23144 2.6672 0.138304
-0.492609 -1.75532 0.117178
1.84243 -0.727839 0.550275
2.73875 1.41794 0.209999
-0.683023 0.841972 0.449833
1.11941 -2.24848 0.332792
2.79177 2.12828 0.0152813
-0.733822 -0.714603 0.294988
3.07684 -2.9156 0.0919905
1.07035 2.14238 0.353747
-0.868146 2.81678 0.027197
-1.49947 2.97645 0.143078
-1.25963 0.5079 0.502512
0.791218 3.12536 0.0818043
1.58377 -2.47224 0.347116
-0.433332 -0.777472 0.332293
-2.90742 1.74254 0.0784993
0.543756 0.353014 0.0797673
1.05837 -2.77371 0.0873575
-1.81521 2.70111 0.235337
2.71709 -2.70049 0.000246637
0.378973 -0.42349 0.238338
1.80765 -1.59527 0.236249
-1.39927 -0.980549 0.0493331
2.04789 -1.14978 0.292479
1.31569 0.119708 0.230774
0.895756 2.63489 0.0281017
1.73073 -0.270524 0.406097
1.83329 -0.828996 0.490211
2.90736 -2.2303 0.00891652
-1.43743 2.13101 0.471621
1.55571 1.54984 0.389795
-2.45121 1.47611 0.162641
0.719084 2.11102 0.0389766
-1.18055 2.81564 0.128411
2.33802 -0.236921 0.25662
-0.0149724 0.986899 0.434547
-0.46944 3.01442 0.229116
-2.13449 2.3147 0.235281
-0.254509 0.779628 0.00260259
1.33179 0.482641 0.537234
-1.59101 -2.59423 0.298413
0.712458 -2.17115 0.00791447
0.933353 -1.97188 0.333377
0.744606 -0.809135 0.394348
2.5648 2.81535 0.00798997
-2.19601 -2.02259 0.188756
2.16715 -1.64881 0.0478493
0.135556 0.468028 0.0379559
1.96927 0.652609 0.570565
0.253191 -0.503683 0.186209
-0.0248578 -1.10764 0.470225
1.48159 1.25832 0.214412
2.76469 -1.37014 0.228461
-2.09123 0.407594 0.463583
-1.89526 1.5746 0.161329
0.370688 -2.89568 0.296363
2.68733 -3.05419 0.081822
-0.807841 -1.52031 0.442986
0.149845 -0.37222 0.0660884
0.481337 0.490092 0.238895
-0.184445 1.68277 0.49344
-2.54997 -1.83499 0.0064737
-2.86175 0.854019 0.341588
-1.32627 1.81443 0.548727
-1.29105 -0.897903 0.0583863
3.07453 1.58145 0.107634
-1.28625 -2.07035 0.478759
2.94023 2.13493 0.000115608
1.59166 2.94852 0.156968
1.73903 -2.57754 0.292798
-2.61445 -2.8497 0.0120138
0.708582 -1.08013 0.505479
-1.33545 1.38171 0.443921
-1.02865 2.24951 0.273264
-1.12956 -2.78755 0.116593
0.480995 -2.21719 0.262696
0.826024 2.50158 0.0109954
3.12694 -0.878658 0.237038
-1.36606 -1.22102 0.281691
-2.36303 1.87971 0.0718365
2.0794 -2.63547 0.193237
-1.3451 -0.101909 0.196484
-1.49619 0.186931 0.325478
-2.72663 -0.802542 0.391642
1.44528 -1.19829 0.182725
1.72567 1.51579 0.240944
2.71865 -2.65486 0.00853574
-2.02131 -1.20282 0.234201
2.04092 1.5671 0.0631766
3.01644 0.545066 0.245024
1.3388 2.4309 0.33898
2.43295 -1.33343 0.247943
1.8095 -0.207705 0.314649
-2.21126 -2.19639 0.204635
2.39921 -2.86193 0.0372224
-1.51065 0.606766 0.539949
-1.09147 -0.427318 0.469805
2.63931 2.92983 0.0382766
-2.81476 0.512014 0.304698
3.11272 3.07697 0.134428
-0.95787 1.21357 0.552785
-2.89158 1.32147 0.226664
-2.35517 -0.296265 0.307873
0.0249624 -0.473718 0.222636
-2.67487 0.618807 0.387761
2.24633 1.98105 0.155006
1.95985 -1.45504 0.0263502
1.36727 -0.0706544 0.136888
1.41225 0.181585 0.325875
-1.00853 2.89916 0.0321745
0.311871 -0.43655 0.25851
-2.87406 -2.29791 0.0142277
2.84438 -1.79594 0.0621434
-0.134853 0.334466 0.0600741
1.35871 -2.94918 0.134363
-1.24926 1.03032 0.172584
1.90464 -1.93816 0.321628
1.92701 -0.219985 0.312113
1.19372 -2.37713 0.311226
-3.01587 -1.95038 0.0265281
2.03078 0.921526 0.467515
1.53611 0.610164 0.545453
1.13071 2.55725 0.200921
1.32242 2.54602 0.283618
-2.87645 0.761716 0.334894
-2.26217 2.10742 0.173833
-2.84973 -1.43666 0.191209
0.896523 0.281116 0.419257
-0.329495 -0.616012 0.254173
0.947922 2.01796 0.322719
0.0721892 2.2927 0.534285
2.45119 -1.84576 0.0267458
2.89883 1.0697 0.298961
-1.66953 -1.811 0.422606
-2.98607 -0.860576 0.293772
2.9831 2.64638 0.0287033
0.052762 -3.06244 0.314088
-0.218057 1.97266 0.492334
-3.12422 -2.31708 0.00113667
-1.44594 -0.63981 0.495084
-1.7123 0.972222 0.307112
0.538187 1.84419 0.0873767
0.170595 -1.57698 0.487946
-0.973844 -2.50435 0.124645
0.20672 0.122299 0.0540447
-1.1438 -1.69879 0.564047
-3.07137 -1.83884 0.0446728
-0.876958 -1.63816 0.450918
2.81084 -1.10071 0.31768
2.67732 0.0166768 0.0139646
-1.62976 -0.935448 0.297136
-1.37064 1.77799 0.543647
0.633968 2.89999 0.166507
0.533406 2.02275 0.15817
1.0307 2.69308 0.096826
1.61261 2.43928 0.357912
-1.9823 0.831055 0.515115
2.51937 -0.18205 0.173127
-2.48226 2.98514 0.0191868
-0.562487 -0.731116 0.409984
1.0357 -1.81592 0.485324
0.457211 1.86921 0.210626
-1.89111 -0.788146 0.527065
1.66856 2.5202 0.32283
1.86962 -1.56873 0.174797
2.35733 -0.398473 0.38786
-2.29083 -2.46177 0.160089
1.1671 0.549542 0.420171
-1.41233 0.594499 0.513081
-3.0518 -1.91044 0.0322208
2.88991 1.81618 0.057304
-1.41561 2.48148 0.33301
-0.258402 -2.73991 0.379163
2.1827 -0.39276 0.430077
1.89095 -2.35782 0.321318
1.05109 -1.3152 0.561617
-1.87807 2.16135 0.352048
-0.0693514 3.08643 0.303958
1.42669 -0.948139 0.119936
3.069 2.15567 0.00263897
1.76731 -2.14125 0.39776
-0.338202 2.85267 0.319926
2.43669 -0.0497027 0.0521186
-2.08867 -3.0496 0.0548347
2.68686 1.31499 0.260689
-1.11966 -0.316139 0.479443
2.16199 3.11044 0.0175975
2.0772 -2.21221 0.263833
0.0218192 -2.39701 0.520264
-0.099917 2.315 0.524311
-0.768518 -1.32838 0.488425
2.07358 -0.767904 0.543013
-2.68337 2.81265 0.0174596
-2.07649 1.29243 0.17867
-3.02098 2.25873 0.001657
0.484427 -0.882157 0.357075
2.52016 1.32209 0.261709
1.48264 1.92758 0.508409
-2.71948 -2.48333 0.0323259
-1.16419 -2.8271 0.118414
-2.60926 1.65855 0.0929253
-0.967708 3.07554 0.0117198
2.85859 -2.18076 0.0113537
2.21862 1.31479 0.214458
2.88199 1.46183 0.177397
-0.844576 -0.467719 0.24654
-1.02599 1.26285 0.551724
1.72658 -2.95242 0.150227
-1.11896 1.67768 0.564064
-2.72418 -0.778401 0.392194
1.95766 -2.45987 0.276946
1.4237 -0.285844 0.460678
2.46566 -1.02981 0.413207
0.0560422 2.855 0.389061
0.819861 -2.96491 0.0682576
-1.74862 2.57882 0.290893
-0.214915 -1.12154 0.282164
0.61573 1.11506 0.420405
-0.102044 -1.55436 0.535236
2.02096 -2.70991 0.186979
-2.41915 -1.42875 0.185632
-2.5651 1.82475 0.0140972
-2.30156 1.38351 0.188123
1.1269 3.02481 0.0526986
0.654023 0.547555 0.130968
2.67671 1.56407 0.143583
0.258976 1.92019 0.45448
-2.53244 2.30823 0.088456
-2.86469 0.201993 0.132839
-2.23853 2.43205 0.182905
1.90821 2.06493 0.33762
-1.93447 -2.66461 0.223636
1.68523 1.36012 0.140673
2.32286 -2.94546 0.0321057
-2.1443 0.586911 0.53738
0.403807 1.57497 0.177795
0.605771 -1.21471 0.360898
2.85803 0.695754 0.335272
2.37622 1.23627 0.303115
-0.0161224 2.06404 0.571338
-1.17708 1.67914 0.570902
-1.68912 2.74615 0.233284
-1.42552 -2.61587 0.276773
1.28451 2.86182 0.146961
0.040957 -2.00999 0.573046
-0.830276 0.094963 0.20617
-1.06822 0.608042 0.266088
-1.23873 1.13748 0.312368
0.0669077 2.96301 0.350216
2.54129 1.82948 0.0062934
2.26113 3.00388 0.029113
1.38234 0.624281 0.477558
1.10854 -2.01523 0.437166
1.1925 2.48769 0.260858
-1.68258 -1.9934 0.437791
2.90686 -2.67683 0.025984
0.647102 0.775393 0.418526
2.71683 0.825074 0.39464
-1.96189 1.56198 0.108246
2.27314 3.0689 0.00509059
2.72735 0.00849013 0.00674128
-0.495017 -2.36579 0.265313
-1.01826 1.60874 0.551544
1.15135 2.8228 0.114664
2.3629 -0.665768 0.498033
0.366367 -3.14065 0.231227
2.95638 1.96025 0.0249808
1.72665 -2.17524 0.407758
1.98298 3.10566 0.0574604
1.05314 1.91703 0.45073
-1.46597 2.52361 0.321852
0.679312 -0.949857 0.489511
-0.669139 0.175628 0.312262
1.40116 -0.839299 0.245689
-2.96477 -0.385631 0.206608
-0.635421 -2.57746 0.161314
-1.68133 0.338341 0.48464
2.63168 -1.59877 0.123716
-2.77049 2.73779 0.0173325
0.644633 -2.6068 0.156581
2.76688 -2.13508 0.0200908
-1.43282 2.24486 0.432317
2.99971 2.13333 0.00312542
-3.08671 0.917607 0.251191
2.12038 -2.24801 0.244527
0.762693 1.08844 0.526281
-0.521418 1.39585 0.119654
-0.118613 1.91133 0.553087
0.237694 -1.14942 0.257371
-1.45681 -1.76889 0.516683
-2.66857 0.730011 0.409009
-1.67464 1.87531 0.432404
-2.43178 -2.22518 0.11874
0.0332159 -2.89768 0.375564
-2.67818 -0.220993 0.178242
-1.2876 -2.45491 0.313154
0.656717 -0.11 0.232271
-1.13275 -2.54164 0.208386
3.13037 -2.69797 0.0463868
-2.99685 1.75483 0.0703992
2.62546 -2.75885 0.00741225
-1.41377 2.48996 0.329034
0.831094 0.274954 0.396947
1.65116 -2.88126 0.181938
-2.1504 -2.68106 0.159178
0.598618 1.4001 0.243699
-2.66645 -0.428468 0.315603
0.594075 0.790308 0.43491
1.17981 0.0855491 0.174862
2.32004 -0.87082 0.489818
1.28663 -2.23727 0.410269
-0.855829 -1.31805 0.547541
-1.77126 -1.71664 0.328173
2.17759 -1.10851 0.361685
-0.112803 -0.401317 0.0406641
-2.54484 0.949413 0.426602
2.37634 0.240549 0.252585
-0.498297 2.68206 0.262812
2.30853 2.96173 0.0306731
2.1197 2.15051 0.242873
0.699273 2.11769 0.0131629
1.19195 0.327418 0.493883
-2.34803 -2.6808 0.0994072
1.19354 -2.91392 0.10266
1.15224 -1.89733 0.506624
-0.51878 -2.27442 0.231949
-2.06212 2.5472 0.222187
-2.33601 1.45512 0.148272
2.69646 1.27648 0.276951
2.87263 1.43862 0.18736
-3.10476 0.556265 0.216659
-1.15338 0.494671 0.459732
-0.961961 -1.42848 0.569775
-1.21518 0.641983 0.350751
1.53403 -2.0536 0.479762
2.97916 -2.03912 0.012771
-2.02536 1.26356 0.180615
0.808413 -2.63392 0.0346747
0.342438 -2.08706 0.389443
0.251001 -0.226813 0.0846526
0.471025 2.19899 0.270536
-0.185034 0.1351 0.00133597
2.33159 -1.73594 0.0217575
-0.705903 3.11151 0.116593
0.876335 0.326832 0.408793
1.17533 1.38864 0.542321
-2.45539 0.450069 0.392083
2.96378 -0.605004 0.278655
1.8117 1.75935 0.320647
-1.4584 0.722967 0.426483
-1.75172 -2.12434 0.405114
-2.80253 -1.94109 0.019749
-0.0575725 -1.44992 0.539806
-1.74386 1.52887 0.236878
0.177036 2.88746 0.360364
3.03385 1.03246 0.258824
-1.91966 0.505804 0.554717
3.12245 2.96837 0.106864
1.07226 -2.48815 0.196221
-0.262665 -2.58123 0.412897
-2.05921 -0.953767 0.450591
0.495235 2.89869 0.239227
-1.27934 2.88532 0.137561
1.28776 -1.48933 0.527517
0.103252 -1.38646 0.503302
-1.38311 0.894165 0.154285
0.864965 -0.314727 0.406932
-1.30667 -2.39672 0.345281
0.296546 -0.775478 0.0961063
0.0813449 1.77286 0.565758
-1.24805 -0.254673 0.436128
1.22937 -1.28828 0.456055
0.878582 2.05866 0.237383
2.61943 -2.21195 0.0596895
-0.763815 2.3905 0.0120968
-2.19767 0.246792 0.294036
-1.51041 -0.820915 0.351377
-1.63314 2.87715 0.184023
0.234505 -2.61119 0.418892
-3.04131 1.88764 0.0370637
1.02018 0.490693 0.376042
1.47606 -2.10235 0.477781
2.78589 3.06344 0.100639
-1.19762 -0.524584 0.461179
-2.4667 1.00808 0.421781
1.49735 -2.99157 0.137575
1.02429 0.881547 0.213145
-2.95556 -0.8315 0.306212
2.0894 2.4666 0.231176
1.19969 1.92684 0.510717
0.827581 1.25611 0.543975
-0.970703 -1.08141 0.479236
-2.63797 2.92907 0.0377983
-2.32785 2.20262 0.156433
-1.6189 0.000826882 0.00146002
0.610957 -2.83548 0.183074
-1.11457 1.02468 0.304662
-0.969402 0.694766 0.0160698
-1.16973 -2.35452 0.310094
-0.890796 2.49035 0.0669955
-3.09055 -0.366879 0.164957
-1.47571 -2.87166 0.179654
0.615616 1.658 0.119265
3.0695 -2.76885 0.0581814
0.784793 -0.17274 0.327087
-0.575558 0.171113 0.284628
-1.95044 0.933118 0.443126
2.5192 2.30828 0.0925091
0.655403 2.97536 0.150355
2.20144 3.12073 0.00508545
-2.63054 1.38544 0.22957
-1.37519 -1.87369 0.535277
-1.97115 -0.648326 0.570674
2.82274 0.623261 0.33516
0.26363 2.98538 0.30772
-1.52089 -0.304539 0.471398
1.20385 0.222835 0.399815
1.70034 -1.84707 0.413957
0.76386 1.68913 0.305457
0.931109 0.716562 0.0676367
-1.14043 2.77545 0.12522
2.78624 -2.45288 0.0220129
2.45466 0.0808303 0.0831784
1.26574 -0.296803 0.476848
0.368643 1.38973 0.148585
-1.67257 -0.450887 0.560806
-1.43659 0.391695 0.540449
-1.30574 -2.75583 0.191732
-0.410741 0.15191 0.20948
2.17049 -1.1598 0.321569
1.98876 1.64705 0.148219
1.33708 -1.50108 0.506406
2.89824 1.78939 0.0648727
-1.09429 -2.7137 0.124078
0.652876 -2.11436 0.0405942
-1.27596 2.29435 0.381684
-2.23721 -2.80921 0.0967318
-2.88371 1.97996 0.0183569
1.06611 0.924269 0.226577
-2.76185 1.3246 0.247989
1.18801 -2.92878 0.0965706
-3.07628 0.496218 0.2113
2.00091 -2.60448 0.225058
0.472583 0.269567 0.136922
-1.08061 0.551388 0.353671
-0.156708 -0.736618 0.174973
2.00074 -1.21511 0.213443
0.634558 -2.84342 0.16885
0.848444 2.73158 0.02529
-0.778761 -2.98348 0.0891099
-2.83561 -0.444612 0.270719
-2.47079 0.052534 0.0534763
2.07975 1.1654 0.290334
0.30651 0.234135 0.0226614
-0.756196 -2.91397 0.0994443
-0.78705 -1.77733 0.284807
3.03801 -0.6846 0.264341
0.749643 2.8731 0.10177
1.75411 -2.38863 0.352432
-2.87661 -2.09169 0.000221416
-0.115528 2.2027 0.536196
2.93304 2.26712 0.00753486
2.88981 0.256872 0.16084
1.04033 0.979176 0.324002
2.77283 1.42463 0.204443
2.04032 -2.62259 0.208435
-1.01113 -0.750877 0.0267515
2.08206 -1.99694 0.239723
2.80055 2.27263 0.0244504
2.32523 0.582907 0.49051
1.7311 -0.336325 0.475464
0.195854 1.13643 0.319476
1.07066 -1.51838 0.580351
1.15034 -0.887172 0.0785875
1.04926 1.90014 0.456109
-0.0752125 1.17833 0.468446
-1.54649 1.2526 0.149734
0.513973 0.508897 0.233346
-1.91367 2.7905 0.184325
1.43836 -1.18112 0.169681
1.50315 0.228886 0.384477
1.86584 0.758452 0.538935
-0.154953 -2.6826 0.427124
1.23359 -2.50324 0.271733
-2.1795 -1.38391 0.146481
-2.54922 -1.23417 0.30927
2.40339 -1.41968 0.188249
-2.48015 1.95795 0.0550471
-0.1151 -2.7176 0.425701
-2.92888 -1.4403 0.177899
-1.86308 0.125782 0.192381
-2.94957 -1.09591 0.276557
-2.31995 2.85594 0.0600886
-0.0951392 -0.885495 0.346297
0.0507584 1.96703 0.573791
-2.32057 -0.975002 0.450393
-1.51683 2.50877 0.332089
-2.28475 -2.82675 0.0783302
-2.96578 1.2118 0.242359
-1.13574 2.13349 0.396476
1.33248 0.710665 0.356801
-0.978868 1.58936 0.539913
1.14492 -1.8343 0.526743
1.17932 1.96983 0.488123
0.580852 -3.11813 0.164987
-2.55057 2.35922 0.0824836
-2.13081 -0.134213 0.174606
-2.18859 -1.45615 0.0947301
2.36605 0.71584 0.501287
1.41427 1.67548 0.520575
-2.49136 0.092158 0.0916893
-2.60478 -2.7685 0.00992961
-0.464244 -1.15703 0.168614
0.884819 -1.07223 0.514734
2.63981 -0.617378 0.399747
-2.10079 -0.39348 0.450798
-0.92124 3.00653 0.0238243
2.57057 2.77243 0.0170808
-1.60061 0.11143 0.19424
-3.06004 1.8479 0.0437502
0.364038 -0.571289 0.304905
0.172597 -2.8492 0.373559
0.899251 -1.45977 0.537077
1.50259 -1.03708 0.0702405
-1.9766 -0.0478688 0.069816
1.78757 2.20389 0.383112
1.03912 1.72832 0.521995
2.17994 2.64772 0.159268
-1.72565 1.78723 0.383851
2.97173 1.57546 0.125867
-1.01183 -0.943221 0.308713
-1.1201 2.76862 0.118421
-0.992311 1.26689 0.561505
1.96215 1.68934 0.189965
2.48249 1.14624 0.357597
2.84606 1.5085 0.163781
0.11515 -1.01484 0.377484
1.31137 1.7793 0.55415
-0.0104567 0.495744 0.23905
-1.07771 -0.62472 0.250948
-0.683005 1.19299 0.460331
-2.16457 -0.0712673 0.091841
-1.68161 -2.77808 0.221135
0.0514084 0.523412 0.22415
2.61251 1.76499 0.0476245
-1.03815 2.50425 0.168302
1.6959 -1.86865 0.420482
-1.01999 -2.84208 0.0502487
0.443752 -0.45046 0.220392
2.05892 1.35436 0.116461
2.6073 -0.94122 0.413454
-2.55185 1.66402 0.0802999
2.83832 1.25569 0.261113
1.88409 2.13043 0.350454
1.0077 -0.987999 0.365184
1.42029 0.307578 0.482323
1.22726 -1.77918 0.556977
0.9996 -2.1026 0.322788
-2.2494 2.40276 0.182398
-2.795 -1.53714 0.155849
-2.16416 2.7488 0.135438
-2.80079 0.126409 0.0913438
2.70853 2.05521 0.0185923
0.339651 1.28366 0.144615
-2.24022 -2.5207 0.168202
-2.21988 2.86779 0.0833862
-1.73432 -2.67481 0.256892
-0.217969 -0.193702 0.0680177
-1.55977 1.59291 0.410002
1.10465 -2.39378 0.256573
-1.91502 2.56459 0.260507
1.8576 -0.233883 0.340915
2.16967 -2.74774 0.134189
-0.894481 -0.168346 0.32835
-0.287934 1.94188 0.429
1.25616 -2.25563 0.392452
-0.15699 2.1531 0.52473
-0.552722 2.26496 0.195131
-1.82658 -1.64302 0.252641
1.10721 -0.138129 0.276479
1.96224 -2.65159 0.220993
-2.20455 1.95699 0.168075
-0.219772 0.833399 0.108981
-2.97852 -2.13565 0.00213909
1.31545 0.88322 0.104626
-1.63324 3.0617 0.115493
-1.07449 -0.845371 0.101984
1.54996 -0.610167 0.549077
-0.670821 2.89844 0.146342
1.77069 1.50909 0.202126
2.29002 1.21016 0.308984
0.170304 -0.543842 0.0146041
3.07476 -2.56965 0.0228751
-3.13286 2.88321 0.0863799
1.13314 -0.931638 0.162915
0.665991 -0.818315 0.440385
-1.68035 0.307336 0.454556
-2.50716 -2.65275 0.0596178
0.402523 -2.90226 0.281494
2.89253 -1.49081 0.165328
-3.02587 1.93155 0.0295566
-1.56137 -2.90777 0.171755
1.74874 -1.15527 0.125519
-2.47678 1.98402 0.063408
-2.96476 1.11044 0.268289
2.3015 -0.865589 0.493879
-2.02308 -2.89512 0.12346
0.568975 -1.41681 0.186512
2.37672 -2.55577 0.116492
1.78648 -1.56197 0.229034
2.91813 2.21653 0.00728133
0.396394 -0.241383 0.0893535
0.587563 1.85677 0.0222669
-2.81814 2.33483 0.0220486
-1.79657 -3.12813 0.0794895
0.561306 2.34058 0.199091
-0.356965 2.86341 0.309662
-0.0068858 1.17138 0.490611
0.151492 0.982907 0.31627
-0.483495 -0.476965 0.218709
1.28956 -0.93223 0.0067829
2.77561 2.16091 0.0214766
-2.42217 -1.32046 0.254757
0.460949 0.920655 0.306465
1.57628 2.438 0.360552
-0.411398 1.25979 0.00391393
-0.447297 0.737901 0.358902
2.47379 -1.52456 0.138503
1.41334 1.24051 0.258299
-1.2358 -0.539874 0.469924
2.13133 2.25405 0.239705
-0.843138 0.60797 0.00811072
-2.50317 -3.13728 0.0693723
3.12309 2.17694 0.000978062
-2.49893 2.71451 0.0486684
0.653599 -1.2007 0.426838
0.68745 -1.4911 0.318789
0.342696 0.661086 0.253883
-1.20771 -1.62733 0.574137
1.22433 0.00691655 0.0142457
0.0185103 -2.89984 0.37527
-1.62988 -1.41486 0.235573
0.445961 -1.87398 0.227427
-2.70229 -2.38691 0.0426845
0.406922 -2.23793 0.338633
-2.80404 -3.01312 0.0896608
0.826221 2.16211 0.135132
0.460169 0.396146 0.116127
-2.82173 1.51368 0.163752
-0.911102 -0.965192 0.422973
0.783892 0.610271 0.0723234
-1.77283 0.576074 0.581758
0.76756 0.404111 0.259484
1.65754 0.304078 0.45443
-1.42463 0.185134 0.330114
-2.13779 -1.53571 0.0124067
-0.672009 0.0135683 0.0319886
-0.371408 -2.9737 0.276671
-2.32127 2.82902 0.0676211
1.50696 2.33933 0.399204
-1.04359 0.738586 0.0320952
-0.0606298 -0.20045 0.0106236
0.0544222 -1.63003 0.564813
-2.05704 2.30679 0.267305
-2.69444 1.179 0.318008
-1.31281 -0.703411 0.350824
-0.455668 -1.59761 0.10388
-1.9252 -0.116324 0.172456
-2.65896 -1.51001 0.168281
1.04022 0.540061 0.333685
-2.59791 2.78892 0.00671139
-2.54396 2.65203 0.0498877
-0.0770597 0.891346 0.367062
2.74135 1.87397 0.0303286
3.05197 -1.20078 0.218535
-2.31805 2.02388 0.133932
1.9954 -1.07307 0.34089
2.18529 0.659885 0.539948
-1.73219 -1.66387 0.328782
0.212222 0.563639 0.065507
-0.464854 3.06685 0.219207
-0.431692 -2.87925 0.273211
2.32948 -1.03143 0.422461
2.2536 2.97205 0.0412947
0.194103 0.739863 0.100862
2.60193 1.00743 0.3973
0.767978 -1.27275 0.506086
0.314801 -2.14604 0.418094
-0.130712 2.67592 0.434661
-2.82846 0.860274 0.353571
-3.02798 2.2755 0.00143664
-0.678352 -2.6716 0.136373
2.5299 -0.450423 0.36956
2.43901 2.99747 0.0126208
0.786778 -3.0502 0.0854291
1.54519 2.33176 0.401123
-1.52098 2.71508 0.246398
-0.994009 -2.74115 0.0620514
1.88564 0.831592 0.500384
-0.674199 -0.365299 0.21789
1.37188 -2.52424 0.305854
-1.06999 -2.33499 0.26179
2.78237 1.96129 0.0126901
1.7575 2.74978 0.225249
-2.45263 2.74402 0.0542271
1.25868 1.07798 0.223615
-1.88445 -2.23166 0.343807
-0.59771 1.79215 0.0225401
-3.10681 1.66443 0.0801433
2.52326 3.04738 0.046868
-2.546 0.767083 0.451281
1.66118 0.566972 0.57877
-2.8077 -1.61352 0.125066
-1.04904 2.36766 0.233131
-2.76122 0.199876 0.148483
1.8634 0.762801 0.536445
-2.98702 -3.07262 0.126224
1.68234 1.30605 0.0895217
0.720735 -2.88827 0.11858
-0.654129 -1.07882 0.469525
-2.73988 -3.06402 0.093596
0.0263774 0.378316 0.175062
-0.214843 -2.95056 0.331281
-1.50509 0.571551 0.553977
3.07134 -1.84307 0.0438111
1.96012 -0.620518 0.57208
1.86773 -2.30408 0.339424
1.48012 0.952226 0.1622
0.796738 2.52056 0.0183379
1.34514 -0.681741 0.399534
0.15758 -1.40061 0.460539
-0.0430932 0.682409 0.306399
-0.373458 -0.807346 0.22561
0.881742 2.86923 0.0270627
-1.87107 -0.968781 0.388023
-0.98525 1.21514 0.546356
-2.77618 -0.0894188 0.0668542
1.7 2.25438 0.400264
0.266962 0.767182 0.0386179
1.82716 -0.311501 0.434925
-0.64202 2.36919 0.124512
2.88305 0.822151 0.334208
-0.732363 1.62309 0.303006
-0.845464 1.8996 0.284868
2.19609 -0.823446 0.518227
-3.04422 -0.144277 0.075323
1.59989 0.506672 0.576
-2.25179 2.42751 0.178631
-2.0361 2.05949 0.273949
-2.75497 2.13289 0.0218723
0.732357 0.611662 0.140706
-0.239213 -1.27955 0.31478
1.75184 -1.25847 0.0150819
-2.72549 2.31228 0.0390397
-0.704974 0.188423 0.329206
1.73597 -1.88033 0.401545
-2.42281 -2.36373 0.122854
-2.32717 -2.27111 0.159332
-2.06761 0.340416 0.41425
2.97672 -1.38324 0.187539
2.07339 -1.67254 0.112989
2.46652 2.29339 0.109296
-0.1095 -2.04136 0.553014
-1.39989 2.0326 0.500832
-1.43009 -0.0585091 0.111134
-1.92908 -2.38065 0.30393
-1.10378 -1.53286 0.581268
-0.495274 -0.455689 0.173473
-0.882511 -1.12837 0.539017
1.53281 1.40595 0.307601
0.971206 0.945678 0.351354
2.99753 0.64866 0.274519
0.564739 1.21062 0.304091
-0.720487 1.33028 0.442256
-2.11997 -0.735323 0.546691
-3.10811 -2.61743 0.031479
-1.90941 0.643577 0.574855
-0.498522 -2.10183 0.221895
-2.1624 1.50343 0.0478469
2.3221 1.73809 0.0266598
-0.140933 0.597753 0.117549
-0.509047 1.76111 0.094937
-1.67218 2.81322 0.207754
2.11628 2.20943 0.246611
-0.272511 1.77725 0.421183
-3.04047 2.70628 0.0439112
1.17336 1.81529 0.540463
-0.786313 1.26232 0.52122
-0.827346 -2.75695 0.0432174
-2.63983 -2.94934 0.0436641
2.47819 -2.66477 0.0651583
-0.10912 -1.05502 0.399537
-2.31854 -0.587294 0.493712
-2.85191 2.41004 0.0142846
2.27916 3.14018 0.0193699
-0.033596 0.35308 0.155292
2.48239 1.98797 0.0625973
-2.18026 2.97658 0.0581059
2.65133 -3.10607 0.0899919
3.0158 -1.8944 0.0369331
-2.54591 -0.75346 0.451111
0.588207 1.62387 0.0961745
1.01543 0.667426 0.116528
-3.03407 0.144298 0.0764882
0.0915596 -1.4601 0.525617
3.12658 3.11317 0.144344
-0.697866 1.99473 0.0633188
-3.07793 -2.68469 0.0419593
-2.85974 -3.05102 0.107423
0.0258259 -3.11893 0.293237
2.18494 -2.61132 0.166939
-0.958265 0.915282 0.327798
-2.91329 -0.180511 0.112272
-0.0907336 2.04139 0.559464
-0.581315 -2.3731 0.184473
1.13135 0.544649 0.400467
1.27291 -0.431618 0.530207
-3.11858 -0.309996 0.136731
-2.6783 -2.00475 0.0143545
1.2577 0.187354 0.347471
-3.10485 -1.06979 0.226354
-2.5658 -1.40689 0.216804
2.44213 -0.487093 0.416035
1.73516 1.70652 0.347187
0.408971 2.03204 0.311837
0.245426 2.12605 0.473247
0.46616 1.73337 0.147904
1.58391 -1.19554 0.0526395
1.73131 2.31012 0.379007
-2.68603 -1.42758 0.208033
-2.43449 -0.272369 0.269179
-1.81267 -0.737673 0.541667
-2.4786 0.30068 0.282609
2.74507 0.657339 0.371074
2.21564 -0.406512 0.431697
0.89926 2.8829 0.0195444
2.28256 1.37087 0.191801
0.519564 1.03804 0.332461
-2.47541 -0.373543 0.337843
2.96448 -2.88028 0.0754328
-0.801775 -2.89096 0.0733578
0.366307 -1.41886 0.167352
-0.522094 2.88231 0.22804
-0.328457 2.71977 0.354091
-2.40901 -1.52194 0.125246
0.435995 1.77501 0.208492
0.0860813 2.16204 0.549809
0.643408 -0.248055 0.31301
1.65965 -2.49287 0.333875
-3.00518 -2.42802 0.00322821
-2.63981 1.31186 0.26573
0.520758 -0.441966 0.118559
2.28884 -1.14629 0.352253
-2.60361 2.54458 0.0522551
0.281431 -1.97189 0.438197
2.41387 -0.762767 0.488745
0.688377 2.17367 0.0202703
2.98475 -1.88179 0.0405314
0.078903 -0.00331406 0.00822045
2.87746 -0.919566 0.331154
-2.99492 -0.148306 0.0831576
-1.04143 0.812915 0.0902948
-1.74474 2.70446 0.244253
1.9516 1.30335 0.10423
-2.70338 2.84256 0.0286123
-3.01453 -0.109849 0.0602866
-2.27468 -1.77809 0.0664459
-2.08516 -0.563966 0.543885
-0.178167 -0.496703 0.0383796
-2.04366 -0.205588 0.275204
-2.33077 1.30269 0.251945
2.06038 0.33622 0.412039
-1.53536 0.0219928 0.0402604
2.65114 1.61408 0.11858
-0.588156 1.27733 0.300687
-2.57815 0.647071 0.427986
-2.56507 2.07624 0.0568771
1.0349 1.92433 0.435873
-0.39884 0.575489 0.327033
-1.07692 1.84908 0.49355
-1.62961 2.87815 0.183702
-0.500899 -1.27465 0.15918
-1.25339 -1.58447 0.563324
0.343199 -2.89032 0.308631
3.06666 2.42876 0.00658518
1.55862 1.24746 0.133338
-1.50525 -1.66951 0.474286
-2.5595 2.72354 0.0310045
1.96938 -2.9619 0.111089
0.136443 2.14763 0.534303
2.29683 3.051 0.0051484
-1.38694 0.709075 0.397004
-1.88926 0.381562 0.487217
-1.11031 -2.72228 0.129077
-2.33479 1.02756 0.424329
-0.854685 0.389889 0.353602
2.59988 -2.92484 0.0286443
2.21447 1.11129 0.366067
2.94638 -2.27661 0.0064967
1.51373 1.71781 0.482967
-1.61155 -2.86705 0.188231
-0.476821 -0.782336 0.378415
-0.194321 2.92957 0.342854
-0.0808853 -2.14271 0.553317
-1.15583 0.223468 0.401904
0.610785 -0.987251 0.454736
1.06449 -2.60024 0.147765
-2.25862 2.29279 0.18616
-1.96686 0.451171 0.51986
-2.279 2.75121 0.101621
-2.63424 -2.28407 0.059616
1.40868 -0.325463 0.498446
-0.0687493 2.20427 0.548464
2.32752 -1.64794 0.0239607
-0.24663 -0.591225 0.119902
1.32848 -2.29066 0.398106
2.37992 -2.80978 0.0570018
-1.94274 1.85315 0.27618
-1.13316 -2.62564 0.175127
1.67387 2.59085 0.295508
2.37323 1.52831 0.11149
0.294674 1.59421 0.349248
0.450107 0.0900347 0.186514
-2.29186 -1.16778 0.338288
3.09595 1.8074 0.0487509
-1.67312 -2.8454 0.195026
2.2925 -0.723333 0.518874
-1.45515 -1.59035 0.475011
-2.24118 1.56887 0.0377908
3.07199 0.802712 0.259748
-1.87156 0.609558 0.578562
1.17999 1.12038 0.349092
-1.76654 -2.05386 0.402437
-1.97441 1.69824 0.187252
1.39727 1.23029 0.262482
2.40803 3.06539 0.0260302
-0.596396 2.24613 0.144444
-2.38145 3.00702 0.0016204
3.12402 -1.84086 0.0389941
-2.53361 2.20246 0.0832945
-1.81473 -1.136 0.190669
-1.02112 -0.986019 0.350495
2.07499 2.89961 0.109808
-2.26207 2.86263 0.0736839
2.30377 3.05338 0.00269969
1.47241 2.07503 0.485059
2.5073 -2.44657 0.0901234
2.86998 1.08208 0.305209
-0.995485 1.03715 0.425433
-1.19203 -0.782559 0.128286
0.941706 1.64239 0.499035
-0.0590199 -2.86157 0.386592
-2.91188 -0.0793246 0.050341
0.688348 -3.0619 0.128239
-2.11995 0.914718 0.480889
-3.10986 -1.88317 0.0328009
-2.16717 1.52097 0.0373895
2.95946 1.3004 0.217908
2.9342 -2.25272 0.00713886
0.146906 1.42722 0.477462
-1.9309 -2.60391 0.244199
2.43233 -0.461857 0.405669
1.37426 -0.640136 0.459493
-2.8869 -0.159928 0.103399
0.29164 -0.323148 0.18344
2.25436 0.100774 0.121233
-1.88529 -3.1366 0.0640103
1.79175 2.70397 0.238027
2.68023 -2.10092 0.0321127
-2.90451 -2.36007 0.00969293
0.459696 -0.427732 0.170004
3.10308 -2.44628 0.00923915
-0.788048 -1.03812 0.519876
-0.839771 -1.57569 0.447052
2.68639 -1.18441 0.317251
2.95069 -1.15141 0.262976
2.51167 -2.42089 0.0909028
1.85076 -2.80352 0.191242
2.40829 2.31368 0.129306
2.12245 -0.0357415 0.0475811
-0.624153 -1.95655 0.0153393
2.3108 -1.01695 0.430308
2.39476 -1.93627 0.0788115
2.76372 -0.93271 0.368841
2.59418 3.11147 0.0805719
2.10918 -2.98755 0.0714867
1.7401 1.4882 0.208975
-0.822972 -0.347745 0.367167
0.365818 0.12269 0.189143
-1.71152 0.131966 0.217198
1.90392 1.13775 0.239881
1.26131 2.8005 0.161756
1.18338 -1.47412 0.564631
2.74405 -0.651442 0.370275
2.6627 1.68427 0.0888185
1.46778 -2.3003 0.413151
1.83042 -1.21411 0.117781
3.0129 1.71999 0.0782739
0.741871 0.672762 0.226996
1.156 -2.99927 0.067827
-1.32595 -0.547094 0.507615
-0.504784 -0.339205 0.0528846
-3.0146 -2.31265 0.00169298
-2.33555 0.603372 0.493384
1.24038 -0.907419 0.00923349
1.91401 0.702211 0.563881
-2.36696 -1.57711 0.0795392
1.78372 0.160523 0.252216
0.68259 -2.98328 0.136443
-2.20962 -0.552837 0.511735
-2.63817 -0.687537 0.414603
-2.51417 -0.984545 0.422452
2.36831 -0.703389 0.500154
-0.344395 -1.36909 0.180714
0.283053 2.42246 0.427477
-0.789347 -2.27654 0.0506981
0.404404 2.09161 0.326349
-0.274483 1.99452 0.446372
-0.435123 -2.18198 0.305725
-2.55758 1.85712 0.000379524
-1.01019 0.967425 0.339482
-0.743157 0.324372 0.329651
-1.81723 -1.70022 0.290102
-0.744361 0.617201 0.134902
-3.01835 1.59583 0.112927
2.53835 1.89242 0.0169181
2.9318 0.924961 0.31061
-2.66051 0.532283 0.365137
-1.71228 -0.195509 0.311693
-0.936595 1.72176 0.46072
-2.79074 -0.747159 0.366271
-1.04867 -0.48876 0.399145
-0.649384 -3.0397 0.147514
-0.0156676 1.55796 0.564658
-0.723579 -1.82995 0.177561
-0.0479869 0.105281 0.0310454
0.156248 -0.779003 0.201299
-1.31958 -0.389263 0.53248
2.25056 -0.053113 0.0645239
-2.15957 -1.65561 0.0558505
0.854599 1.62665 0.436335
3.01134 0.933284 0.279594
2.77188 -2.08729 0.0128199
1.21131 0.869793 0.0155138
-2.64868 -2.63823 0.0265953
0.699874 2.55606 0.106075
-0.176768 2.05153 0.520182
0.370586 -0.598223 0.30833
-0.914067 1.69152 0.457006
-0.149403 -0.970814 0.313699
-1.35736 -0.516153 0.534197
-1.88267 -1.47833 0.0968288
-2.70818 -1.83223 0.0388565
1.0576 -1.91654 0.453622
-1.44582 2.09286 0.482558
1.99156 -1.31467 0.116348
1.32357 -0.823516 0.19851
0.251987 -1.70964 0.430977
2.09998 -1.77428 0.15256
0.290724 -0.826296 0.0478638
-2.136 2.21185 0.237968
2.59713 -2.5243 0.0565794
-1.73045 -0.730116 0.529725
-0.0220742 0.338394 0.158344
0.650828 1.06577 0.469953
-1.58884 2.38892 0.37803
-1.13374 -1.5185 0.580041
-2.20405 2.46561 0.190487
-1.80464 -0.660114 0.570897
-0.124732 2.83692 0.386856
2.6985 -0.949483 0.38634
-0.0729636 -0.879722 0.366022
-2.22922 -1.55828 0.0396775
0.28047 2.15617 0.446498
-1.66779 -2.88313 0.180551
2.25133 -0.214581 0.249997
-0.190285 -1.06622 0.295766
2.5245 1.14693 0.35437
-2.61139 1.4335 0.204757
-2.93182 -0.389774 0.217717
-1.04188 -2.51603 0.166051
2.01909 -0.405729 0.478843
-2.15473 -2.9337 0.07874
1.67791 1.84355 0.425193
-0.0400957 -1.89451 0.578023
1.71566 -1.38355 0.138288
1.06301 0.596768 0.277329
1.05209 -0.217954 0.395143
1.17813 -0.0624536 0.12904
2.31267 -2.26283 0.164878
1.58567 -2.9811 0.144861
-0.198445 2.36111 0.480969
-1.72362 -1.87846 0.407737
2.83345 -3.02778 0.0977474
-3.10088 -0.83359 0.248441
-1.01263 2.52754 0.142652
2.60499 -0.729366 0.430729
1.95418 2.05146 0.313882
-1.65404 -0.916043 0.334342
-0.666114 -2.42018 0.111729
2.28929 0.376152 0.389954
-0.0167493 -2.65065 0.456127
3.08017 1.46437 0.13937
1.54797 -0.797161 0.401046
-1.54695 0.967299 0.198155
1.24706 -2.46361 0.294676
1.4212 -2.86808 0.173946
-2.48825 -0.181237 0.177213
-2.86601 1.18182 0.278879
2.63874 1.448 0.19816
1.44601 1.56545 0.47025
-1.74629 0.149767 0.240714
-1.20214 -0.607399 0.382386
2.54639 -1.19674 0.328372
-2.65236 -2.21379 0.0515325
-0.213379 0.663628 0.00502361
1.97116 -1.49428 0.0510935
0.938781 -2.80976 0.0146335
1.0595 -0.305569 0.465133
0.280996 -1.32805 0.269118
-0.992694 3.12999 0.00800089
2.62332 -1.37502 0.234901
-2.14879 3.11444 0.01927
-1.54963 3.02015 0.130157
3.13626 -0.417528 0.169458
-1.21203 1.03493 0.217545
2.67359 -2.38104 0.0494187
-1.2372 -2.25406 0.386309
1.56957 -0.0887555 0.158012
-2.61347 -1.28442 0.280703
1.90833 -2.56856 0.26102
-0.135086 2.27526 0.519792
2.95373 1.33151 0.209449
2.1743 -1.29254 0.217341
-2.54467 -0.201442 0.186106
-0.845001 0.667824 0.0933304
-2.65163 2.0893 0.0366955
0.881447 -1.23454 0.559766
-1.55237 -2.29053 0.414902
-1.88124 1.1824 0.182224
1.59622 -3.03629 0.125058
0.203825 -2.04382 0.503384
-1.94306 -1.68124 0.197491
2.81717 -2.25151 0.0211322
-3.00265 0.26314 0.141273
0.826516 1.50352 0.468077
-1.91 -1.96158 0.323489
1.76594 1.67731 0.312806
0.322061 -2.42381 0.402879
0.0133826 2.99009 0.342649
-2.74633 2.10552 0.0197711
0.606469 -0.871986 0.457182
-0.69768 -2.90351 0.131407
-0.83764 -2.85534 0.0499618
2.71891 0.562631 0.355749
2.38631 0.50664 0.442637
2.53699 -0.770449 0.454025
-0.700496 2.6894 0.121822
0.494835 0.498771 0.237965
2.2338 2.32006 0.195032
2.39525 2.42534 0.127967
1.73058 -2.8625 0.184311
2.4988 -2.776 0.0341321
-0.0946157 1.31949 0.49353
2.11861 0.492781 0.508894
0.558172 1.7618 0.0213604
2.52243 -2.81498 0.0183506
-2.49148 0.884717 0.454154
2.39848 -0.703579 0.492054
-0.795026 2.96322 0.0805932
-1.61972 -1.49744 0.30855
1.40618 -3.04773 0.109888
0.422392 0.40989 0.183704
-0.234437 0.259634 0.148561
2.79616 -1.10216 0.321279
1.81908 3.07225 0.0962265
1.95913 -2.70058 0.205665
0.240332 -1.71704 0.444961
2.16941 1.91104 0.171188
2.8162 1.31122 0.244927
2.65844 -2.14144 0.0427473
2.44721 1.27661 0.284241
-2.05342 0.536542 0.541768
3.00903 0.615556 0.264042
1.44225 2.9989 0.130036
1.14978 -0.827847 0.0116988
-2.99648 0.583539 0.261735
2.04708 -2.57011 0.220993
-0.334165 -3.02574 0.27488
-2.61889 -1.68877 0.0808184
1.25463 2.53362 0.266596
-3.10572 -2.89885 0.0892121
2.53532 -0.06643 0.0637274
-2.8636 0.12428 0.0833199
-2.09257 2.76276 0.150965
0.212828 -0.0140214 0.0342542
-0.104914 -2.49385 0.487101
-0.407795 1.58443 0.175544
-2.66527 -0.384316 0.291301
-3.04126 -1.14454 0.23503
-2.72283 -1.60494 0.127581
-2.53245 0.115732 0.110514
0.237414 2.97326 0.31842
-3.00163 0.211535 0.115662
2.35361 -0.277572 0.291579
-2.57441 -1.7721 0.0369328
-1.55901 -1.42657 0.30292
-1.45403 -2.96121 0.144359
0.26445 -0.947872 0.0908228
-2.65276 -0.763265 0.416553
-2.51552 2.14561 0.0827957
-1.33011 -0.938592 0.0394988
1.37627 1.08286 0.110506
-2.70819 -1.16313 0.321566
1.32137 1.71755 0.555184
0.520347 1.01617 0.344771
1.39672 -1.82009 0.536255
2.48751 0.173013 0.169689
-0.0990705 -1.90847 0.561445
0.682547 2.21716 0.0415685
0.271882 -0.264712 0.122671
1.12117 -1.49239 0.579876
-2.56669 2.3921 0.0765791
-2.27499 -1.3502 0.204696
-1.88594 0.430205 0.522484
-3.13984 1.16645 0.19592
0.629036 -0.60126 0.246188
1.01193 1.69192 0.521698
1.58435 -1.1789 0.0329115
0.261307 1.90601 0.450905
-0.610133 -1.90551 0.0123422
-2.91903 -0.372109 0.213335
1.11633 -2.00782 0.444619
-0.505205 -2.60353 0.262122
2.19726 2.12501 0.205057
-0.760386 -2.20233 0.0487995
-2.23237 1.14491 0.345275
1.11889 2.57015 0.189507
-2.383 2.58027 0.11009
-3.14072 1.94816 0.0198562
-0.700839 -2.39474 0.0731113
-0.839845 -1.91927 0.268509
1.63894 -0.729812 0.503434
-0.858064 -1.87953 0.308719
-2.47897 0.448525 0.384079
0.801958 0.670882 0.15226
2.5825 -2.51505 0.0615632
0.658104 0.796269 0.42888
-1.63852 -1.30847 0.128381
2.89042 -1.64081 0.112041
0.766744 -0.135831 0.277137
2.86281 2.98777 0.0910183
-0.980817 -1.13359 0.508229
2.18546 0.923249 0.478565
-0.559039 -0.161323 0.274949
1.6034 3.01373 0.133052
-1.90057 0.232702 0.332297
2.85256 0.161097 0.108669
2.57257 0.437003 0.349043
-1.89778 -1.04136 0.331391
1.39096 -0.678733 0.431831
-2.7577 0.928131 0.371475
0.618282 -0.772096 0.424555
2.2665 -1.26569 0.264574
1.38288 -1.47842 0.468507
2.35675 -2.98858 0.0101733
-0.577569 0.133863 0.257543
-0.0786556 3.05852 0.313936
2.20246 0.603217 0.527955
0.436169 -0.251014 0.123335
2.21488 0.927332 0.47648
-2.54789 1.56334 0.130377
1.91339 -0.151428 0.223363
-2.39735 -0.0122729 0.0133278
2.30001 0.213355 0.240081
-1.24716 2.00523 0.494416
0.702569 -0.907794 0.47891
0.641677 0.555382 0.159874
2.60162 0.626662 0.415335
2.61737 2.66327 0.0293062
-2.6234 2.63937 0.0323086
-0.312106 0.475235 0.265374
2.60761 2.08463 0.0467697
1.63285 -2.54744 0.315463
-2.17902 2.30715 0.217705
-1.9225 1.44021 0.0379822
1.95286 -2.0617 0.315556
1.16318 2.86511 0.106348
2.27366 3.10174 0.00567178
-1.61437 -0.120737 0.208466
2.07744 -0.726201 0.552463
-1.32014 -2.80053 0.178594
1.46467 0.893652 0.226599
-3.01594 -0.891341 0.280771
-2.13056 0.835245 0.518149
-2.29502 0.035584 0.0418732
1.61592 -1.24418 0.0795954
2.26336 -2.32627 0.1831
-1.39431 -1.14284 0.167094
2.75692 -1.69492 0.0927613
1.47033 -1.46473 0.399702
-0.463996 0.330747 0.0123571
-1.1193 -0.459499 0.465656
0.442342 2.64619 0.302138
1.11049 -2.45805 0.231577
-0.240811 0.445316 0.193185
-2.15099 -0.111936 0.14449
-2.8513 0.950917 0.336683
-1.62064 -0.0119898 0.0211485
-3.13507 -1.51703 0.112186
-0.886043 -1.97032 0.289649
2.50438 -1.36006 0.239043
2.89157 0.53357 0.285512
2.64825 2.14773 0.0459632
0.445346 0.533714 0.308772
0.258099 -2.86144 0.346603
1.5637 0.983861 0.19051
2.50299 -0.847425 0.457864
0.23574 -1.51982 0.404382
2.93968 -2.87904 0.0726798
-1.70263 -2.09721 0.425436
0.118772 -0.366352 0.000613622
-1.40898 3.11678 0.0895128
-1.84618 1.4458 0.0952813
0.602281 1.40755 0.244886
-1.43751 -0.101147 0.188886
0.675876 0.216499 0.332903
-0.408462 2.38118 0.341253
-0.87034 -2.87033 0.0334528
-1.68638 0.939998 0.327159
-2.39557 0.237091 0.24556
0.674592 1.96313 0.0479661
0.990796 -1.41292 0.57709
2.72544 -2.85571 0.0359873
-1.01012 1.88022 0.440119
2.00775 -0.333434 0.420944
0.414859 -2.73539 0.30702
0.653547 -1.92576 0.0373464
-3.13798 -1.25831 0.176728
2.83315 -2.49575 0.0102805
-0.502402 -0.116186 0.226189
0.794896 -2.70126 0.0563757
-2.28201 0.42533 0.426859
1.88287 -1.57244 0.168273
-2.39575 0.457704 0.414276
2.32907 1.59827 0.0538248
0.940781 0.964012 0.398308
0.117216 -0.220188 0.0949984
-2.46197 2.99753 0.0180931
0.0713461 -0.390706 0.120551
2.00165 -0.203735 0.27973
2.08424 0.405169 0.463476
-3.12993 -1.6799 0.0724801
1.007 -0.330081 0.458841
0.953886 0.439367 0.379534
2.4644 -2.67994 0.0657751
0.92815 1.80346 0.414567
0.603271 -2.73368 0.191021
-2.75098 0.99007 0.362494
-2.80598 2.07062 0.0052891
-0.078582 2.75307 0.420317
-0.0260524 2.51933 0.491564
1.10255 2.09685 0.395531
1.79853 -0.81542 0.490667
-2.77067 1.31412 0.251078
0.162523 1.75035 0.519347
-2.40208 0.81217 0.487215
-2.2939 1.72661 0.0325534
-0.692702 2.98034 0.131618
0.257732 0.668436 0.0893009
-2.39742 3.01255 0.0072046
2.1428 0.489044 0.501155
2.16073 1.4489 0.0879717
2.57521 2.34158 0.0758031
-1.92266 0.570746 0.571646
3.0609 0.155066 0.0787525
-1.15369 0.512603 0.445722
0.0495159 0.256483 0.074952
-1.46323 -1.60728 0.476775
-1.68076 -0.719381 0.523581
1.36525 1.86129 0.538232
0.993589 2.59467 0.106246
-0.0441998 0.32397 0.125636
-2.75284 -3.05288 0.0926132
0.29931 2.60567 0.390522
0.402598 3.07856 0.238045
-2.3953 2.71559 0.0771805
-0.95452 -2.13447 0.270155
2.40843 -2.77762 0.0578348
-2.81644 2.02028 0.00459562
-0.284524 1.46229 0.318755
-2.2588 0.676088 0.525322
0.6675 2.25768 0.0704727
1.30987 2.62565 0.245682
-1.69225 -2.14116 0.423727
1.19563 -1.94671 0.502329
-2.37103 -0.271405 0.282187
2.81388 0.614432 0.336336
-2.07036 0.872872 0.500246
1.81976 -1.18364 0.142968
-1.46168 -0.062843 0.117784
1.85353 0.412913 0.516883
-0.51363 2.55858 0.256633
2.33366 1.15879 0.348549
2.93914 1.87287 0.043113
-0.344367 1.74165 0.325527
0.95255 2.42227 0.140052
-2.72998 1.3563 0.238065
-1.05182 2.20727 0.30984
-2.36159 -2.81784 0.0597675
-2.56559 2.95851 0.0304866
-2.66368 -0.264402 0.212995
0.837522 2.49349 0.0228374
2.02425 -0.368772 0.448696
-2.74431 0.673807 0.37437
0.993836 0.680623 0.0692922
2.56226 -0.164054 0.150758
-2.48534 -3.08278 0.0490517
2.98421 -1.95194 0.0266588
-0.455532 -2.54307 0.30058
0.810538 1.75982 0.321367
0.0913805 0.0922346 0.0468604
-1.15907 1.67367 0.570489
0.109274 -2.37966 0.510221
-1.69491 2.2818 0.394893
2.89323 1.72461 0.0843862
-2.31921 -0.576172 0.490114
-0.662287 2.21785 0.0642366
2.41473 -0.249732 0.253353
1.43779 -2.53819 0.312013
-3.13524 -2.27349 7.55445e-005
-0.193297 -2.31723 0.489553
-2.10877 2.83639 0.122762
1.56896 -1.58509 0.399795
-0.383496 1.2623 0.050471
1.84235 -0.383761 0.497586
-2.92784 1.85361 0.0477342
0.187834 0.618009 0.0292137
-1.84518 1.4956 0.137147
1.10153 0.888939 0.136543
-1.9149 -2.38573 0.307594
3.0568 -1.07774 0.242809
-2.20707 -0.964557 0.457507
2.69516 0.679969 0.39325
-2.62168 1.97647 0.0200791
-2.46265 -2.4594 0.102606
-2.65873 2.57591 0.0344246
-2.72259 0.0689818 0.0548662
-1.75252 -3.09739 0.0950673
-2.40842 -0.0887768 0.0948908
-1.76701 0.478585 0.563998
1.16321 1.73095 0.560233
-0.962777 -0.550363 0.2455
-0.458491 -2.49638 0.299858
2.20602 1.3481 0.184432
0.106114 -0.0482082 0.0492492
2.86646 2.82832 0.0520667
-2.39383 1.52126 0.121667
2.38456 2.89998 0.0300024
2.74781 1.90771 0.0216286
-1.91052 0.721423 0.557953
1.00993 3.03992 0.00856656
-1.25636 -0.987817 0.107553
1.69655 1.63065 0.335787
2.18134 -0.439005 0.462625
-1.64645 -2.15881 0.434033
1.08708 0.28433 0.457522
1.32387 -0.728316 0.328164
2.40744 -1.10546 0.381727
2.28446 1.83346 0.0867484
-1.77654 1.42026 0.12433
2.64152 0.0205973 0.0178908
-2.38213 0.510865 0.445875
0.276588 0.179176 0.042953
-0.123201 0.0864429 0.00618014
-1.4655 0.282256 0.453402
0.630036 0.912057 0.470022
1.28412 -1.30194 0.425352
-1.31406 -1.77486 0.554198
-3.06315 0.961312 0.256813
1.312 -1.25634 0.364462
-1.66181 0.3962 0.532464
-0.4453 0.00617837 0.0150546
-0.222854 1.27503 0.33773
1.9245 1.23251 0.156929
2.31964 -1.85743 0.081178
-0.390091 2.59847 0.340359
-2.29518 -1.74632 0.0420192
-2.51361 -1.03953 0.402722
1.73041 -2.95887 0.147475
1.07318 -2.15836 0.347818
-2.86391 -1.25292 0.256382
2.83852 -2.53506 0.00505961
-1.67962 1.77074 0.405911
2.39822 -1.75038 0.00380712
-1.2211 0.500569 0.489804
-2.89939 -2.51176 0.000728341
0.579575 -1.25755 0.299295
2.50529 2.50491 0.0844313
-2.47941 -0.80012 0.469313
-0.0763611 2.55335 0.477767
-2.21481 -1.08373 0.385066
-1.33182 -1.37996 0.445371
-1.98747 -0.0468664 0.0679159
3.01911 0.394445 0.194871
0.298026 1.54345 0.32807
1.26012 -1.48455 0.538768
1.79495 -0.30096 0.429554
0.368762 -1.71636 0.284648
-0.743133 0.713793 0.284471
-1.23684 -3.12424 0.0604704
-2.36211 1.76577 0.0243214
2.34347 -1.51984 0.10784
2.41431 2.46443 0.117564
-0.0971357 -2.22169 0.539336
-2.46143 -2.74814 0.0508378
2.36206 1.49887 0.126945
0.960382 2.70567 0.0517423
0.381709 1.51498 0.186946
-2.8039 -1.94505 0.0189617
1.24225 -1.92045 0.522378
-1.48838 1.60011 0.459093
-2.91694 -1.41488 0.188897
-2.89845 0.177816 0.112808
2.23714 -2.25537 0.195236
-1.91703 0.813972 0.516499
-1.88054 1.04051 0.32452
1.26554 -0.723076 0.286513
1.9487 -1.98544 0.3073
1.12917 -2.15322 0.383638
1.98083 -1.30061 0.12342
0.447067 1.2436 0.0811698
2.91874 -0.48269 0.259008
-1.19771 -2.18962 0.39987
-0.581105 -2.73853 0.205549
-2.04146 2.27332 0.27655
-0.632085 -1.50002 0.235125
2.80535 0.522964 0.311902
-2.65914 2.48296 0.0458316
-2.47044 -2.92143 0.00216833
1.62661 2.26466 0.413421
-1.86836 -3.06889 0.090392
0.0575658 -0.590691 0.251034
0.290322 2.02299 0.433932
1.44504 0.456619 0.559592
-0.920345 -1.59094 0.505149
-1.32729 0.718967 0.342632
0.996267 -0.435906 0.411929
-2.57906 1.8129 0.0218822
2.12822 -0.326007 0.387336
-2.91474 -1.60097 0.12385
-1.26503 2.64237 0.224203
2.00095 1.64403 0.138775
-2.83259 -1.045 0.325485
-3.01616 1.3469 0.189335
1.66503 2.30092 0.396191
-0.478325 2.36634 0.280592
2.47557 0.0454849 0.0461337
3.12694 -0.110472 0.0508735
1.26279 2.26344 0.391207
0.545926 0.273464 0.21291
-0.533159 -2.34093 0.226705
2.56451 0.548226 0.403617
0.799828 -1.54935 0.420802
2.26303 -0.334729 0.36319
2.82094 -1.39436 0.211597
0.0632035 2.51255 0.489868
0.296816 1.58404 0.343132
-2.9674 0.131774 0.0770371
-2.72927 -0.646196 0.374577
-0.819901 2.7699 0.0498855
0.921178 -3.12781 0.0327422
-1.73882 0.956226 0.339244
-3.12459 -0.893399 0.237374
-0.100087 -1.5061 0.528738
2.1288 0.635935 0.548846
-2.63214 -2.99066 0.0535141
0.716027 -1.76238 0.204033
1.65349 -3.10766 0.0988729
2.33469 -2.75464 0.0846211
0.744066 -1.31952 0.470118
-2.61142 -0.925542 0.415689
1.03567 1.04035 0.395584
0.604761 -0.624946 0.301258
-0.463445 0.907114 0.317126
-2.60051 1.36604 0.239582
1.73012 -1.50098 0.226451
-2.08949 1.30524 0.173363
1.51424 2.87407 0.182179
-2.84708 2.74607 0.031378
1.08729 1.17171 0.470671
-2.641 0.659503 0.408826
-2.86755 1.52372 0.155961
-2.31315 2.93755 0.0370538
0.887728 2.03378 0.258887
2.9726 2.91891 0.0855384
-0.404306 -0.673944 0.328805
1.79627 -0.726968 0.544397
2.54893 -0.708344 0.447276
1.17329 -0.232634 0.412637
0.161095 1.0575 0.336123
0.486179 -1.93765 0.193257
1.30568 -2.98937 0.110788
-3.11672 0.389636 0.16594
-2.24105 3.12175 0.0044856
2.45297 1.95237 0.0625728
0.230155 2.28519 0.473802
1.98053 -1.6635 0.163389
-1.2147 -2.90222 0.113027
-2.61052 -1.21036 0.316403
2.48322 -1.94685 0.050787
-1.20628 1.90082 0.521337
2.40172 2.69223 0.0808838
-2.26998 0.998806 0.440097
-1.20827 -1.88904 0.525632
-1.27172 3.0463 0.0870818
-2.67288 -0.761123 0.40956
-3.01751 2.32872 0.00117101
3.0429 -2.46114 0.00834753
2.49301 -0.113211 0.112071
-1.71823 1.29953 0.0539177
-2.04545 1.92292 0.240279
-1.83168 1.58143 0.210087
-2.60257 -2.78131 0.00744184
1.41307 -1.93506 0.520983
0.686577 -1.56597 0.274809
-1.51837 1.93644 0.498069
2.33352 -1.5383 0.0927632
-0.599618 -2.55212 0.188221
-0.818124 1.76245 0.328395
2.22141 -0.710061 0.533777
-1.06416 0.384422 0.473583
0.420295 -3.01197 0.248878
-0.363242 1.30566 0.113343
0.734412 -1.51187 0.36709
2.9839 -2.95589 0.0957258
2.84668 2.37145 0.016831
2.97543 -2.01768 0.0157487
3.09964 -0.526928 0.211561
-2.42867 1.42999 0.186684
-2.66926 -1.50633 0.170415
0.923696 2.31719 0.159544
-1.52253 -1.30731 0.227521
-0.0977917 -1.80728 0.560547
0.531444 -2.562 0.242925
0.905565 1.9243 0.332373
2.40822 -3.02336 0.0131229
0.516124 -0.320535 0.102925
1.89762 -1.43893 0.0535216
1.92836 0.685544 0.567911
0.377537 -0.206456 0.12545
-2.34284 -0.534475 0.467965
-0.74781 -2.83758 0.101186
-0.382877 2.98626 0.269228
3.12682 -2.68625 0.0440817
-2.61177 -1.88363 0.00443265
-1.77427 -2.32268 0.364656
0.930182 -1.59587 0.509802
-0.652038 2.6897 0.156542
-2.66107 -0.240394 0.195962
-2.26839 0.778299 0.51883
0.196593 -0.916126 0.205923
-2.81894 -0.622307 0.336344
-1.34178 0.566497 0.502025
0.683216 3.00571 0.134764
0.833374 -1.47862 0.484597
3.04269 -1.41829 0.161546
-2.79833 2.34947 0.025064
-2.00421 -0.958451 0.436857
-0.831895 1.76721 0.34084
-2.81076 -1.25783 0.266053
0.911682 -0.729551 0.113003
1.02442 -2.01305 0.385781
-3.06323 -0.171374 0.0864099
-1.17581 2.35039 0.315015
2.48038 -0.10458 0.104849
-2.42406 -1.09593 0.386128
0.0828248 1.29747 0.495752
0.138198 1.91697 0.543351
1.37156 0.123308 0.233076
1.75413 0.84867 0.449778
-0.541395 3.04535 0.193512
0.584907 -2.68287 0.203917
-0.940264 -1.94441 0.353561
2.27695 2.84591 0.0747451
2.94573 0.784604 0.309231
-1.04179 -0.172614 0.334985
3.01246 2.64504 0.0308885
